# Date 13 Novembre 1901

|  |   |   |
| --- | --- | --- |
|  9" Mcalin 3" Soir |  |   |
|  Hauteur Parometrique | 7/2.2 | 7/48.9  |
|  Direction Su vent | Ouest | Jus  |
|  Force | 2 | 3 fort  |
|  10 kgm竅ｻﾂｹ c |  |   |
|  10 kgm竅ｻﾂｹ c |  |   |
|  10 kgm竅ｻﾂｹ c |  |   |
|  10 kgm竅ｻﾂｹ c |  |   |
|  100 |  |   |
|  100 |  |   |
|  100 |  |   |
|  100 |  |   |
|  1,3,9 |  |   |
|  13,0 |  |   |
|  13,9 |  |   |
|  1,3,9 |  |   |
|  1027,9 |  |   |
|  1028,2 |  |   |
|  15,4 |  |   |
|  15,4 |  |   |
|  15,4 |  |   |
|  15,4 |  |   |
|  15,4 |  |   |
|  15,4 |  |   |
|  15,4 |  |   |
|  15,4 |  |   |
|  15,4 |  |   |
|  15,4 |  |   |
|  15,4 |  |   |
|  15,4 |  |   |
|  15,4 |  |   |
|  15,4 |  |   |
|  15,4 |  |   |
|  15,4 |  |   |
|  15,4 |  |   |
|  15,4 |  |   |
|  15,4 |  |   |
|  15,4 |  |   |
|  15,4 |  |   |
|  15,4 |  |   |
|  15,4 |  |   |
|  15,4 |  |   |
|  15,4 |  |   |
|  15,4 |  |   |
|  15,4 |  |   |
|  15,4 |  |   |
|  15,4 |  |   |
|  15,4 |  |   |
|  15,4 |  |   |
