# V. 29 (Avril. 1903

|  Hauteur | Prénom | N°  |
| --- | --- | --- |
|  1 | 2/1.2 | 2/1.1  |
|  2 | 2.4 | 3.2.8  |
|  1 | 1/202 | 1  |
|  1 | 1 | 1  |
|  1 |  | 1  |
|  1 |  | 1  |
|  1 |  | 1  |
|  1 |  | 1  |
|  1 |  | 1  |
|  1 |  | 1  |
|  1 |  | 1  |
|  1 |  | 1  |
|  1 |  | 1  |
|  1 |  | 1  |
|  1 |  | 1  |
|  1 |  | 1  |
|  1 |  | 1  |
|  1 |  | 1  |
|  1 |  | 1  |
|  1 |  | 1  |
|  1 |  | 1  |
|  1 |  | 1  |
|  1 |  | 1  |
|  1 |  | 1  |
|  1 |  | 1  |
|  1 |  | 1  |
|  1 |  | 1  |
|  1 |  | 1  |
|  1 |  | 1  |
|  1 |  | 1  |
|  1 |  | 1  |
|  1 |  | 1  |
|  1 |  | 1  |
|  1 |  | 1  |
|  1 |  | 1  |
