V. 12 Septembre - 1903

|  Hauteur | Pour  |
| --- | --- |
|  1/8/1 | 1/7.3  |
|  2004 | 20.0  |
|  2 | 2  |
|  10 | 10  |
|  10 | 10  |
|  07.0 | 07.0  |
|  19.1 | 19.1  |
|  17.1 | 17.1  |
|  1027.1 | 1027.1  |
|  20.8 | 20.8  |

V. 13 Septembre - 1903

|  Hauteur | Pour  |
| --- | --- |
|  1/7.3 | 1/7.3  |
|  2004 | 20.0  |
|  2 | 2  |
|  10 | 10  |
|  10 | 10  |
|  07.0 | 07.0  |
|  2.0 | 2.0  |
|  19.1 | 19.1  |
|  17.1 | 17.1  |
|  1027.1 | 1027.1  |
|  20.8 | 20.8  |

V. 13 Septembre - 1903

|  Hauteur | Pour  |
| --- | --- |
|  1/7.3 | 1/7.3  |
|  2004 | 20.0  |
|  2 | 2  |
|  10 | 10  |
|  10 | 10  |
|  07.0 | 07.0  |
|  2.0 | 2.0  |
|  11.1 | 11.1  |
|  28.3 | 28.3  |
|  2 | 2  |
|  1027.1 | 1027.1  |
|  20.0 | 20.0  |