|  2. 21 mars. 1905 |  | Moatin |  |  |  |   |
| --- | --- | --- | --- | --- | --- | --- |
|  Hauteur |  |  |  |  |  |   |
|  Direction du vent |  |  |  |  |  |   |
|  Force |  |  |  |  |  |   |
|  1/2. 2 |  |  |  |  |  |   |
|  1/2. 2 |  |  |  |  |  |   |
|  1 |  |  |  |  |  |   |
|  1 |  |  |  |  |  |   |
|  10 |  |  |  |  |  |   |
|  10 |  |  |  |  |  |   |
|  10 |  |  |  |  |  |   |
|  10 |  |  |  |  |  |   |
|  10 |  |  |  |  |  |   |
|  10 |  |  |  |  |  |   |
|  10 |  |  |  |  |  |   |
|  10 |  |  |  |  |  |   |
|  10 |  |  |  |  |  |   |
|  10 |  |  |  |  |  |   |
|  10 |  |  |  |  |  |   |
|  10 |  |  |  |  |  |   |
|  10 |  |  |  |  |  |   |
|  10 |  |  |  |  |  |   |
|  10 |  |  |  |  |  |   |
|  10 |  |  |  |  |  |   |
|  10 |  |  |  |  |  |   |
|  10 |  |  |  |  |  |   |
|  10 |  |  |  |  |  |   |
|  10 |  |  |  |  |  |   |
|  10 |  |  |  |  |  |   |
|  10 |  |  |  |  |  |   |
|  10 |  |  |  |  |  |   |
|  10 |  |  |  |  |  |   |
|  10 |  |  |  |  |  |   |
|  10 |  |  |  |  |  |   |
|  10 |  |  |  |  |  |   |
|  10 |  |  |  |  |  |   |
|  10 |  |  |  |  |  |   |
|  10 |  |  |  |  |  |   |
|  10 |  |  |  |  |  |   |
