V. 19 Juillet. 1904

|  |   |   |
| --- | --- | --- |
|  Hauteur |  |   |
|  Narametrique |  |   |
|  Direction |  |   |
|  263.4 |  |   |
|  0 |  |   |
|  0 |  |   |
|  0 |  |   |
|  0 |  |   |
|  0 |  |   |
|  0 |  |   |
|  0 |  |   |
|  0 |  |   |
|  0 |  |   |
|  0 |  |   |
|  0 |  |   |
|  0 |  |   |
|  0 |  |   |
|  0 |  |   |
|  0 |  |   |
|  0 |  |   |
|  0 |  |   |
|  0 |  |   |
|  0 |  |   |
|  0 |  |   |
|  0 |  |   |
|  0 |  |   |
|  0 |  |   |
|  0 |  |   |
|  0 |  |   |
|  0 |  |   |
|  0 |  |   |
|  0 |  |   |
|  0 |  |   |
|  0 |  |   |
|  0 |  |   |
