# 9.50000

## 900000

|  90000 |   |
| --- | --- |
|  9 |   |
|  9 |   |
|  9 |   |
|  9 |   |
|  9 |   |
|  9 |   |
|  9 |   |
|  9 |   |

## 900000

|  90000 |   |
| --- | --- |
|  9 |   |
|  9 |   |
|  9 |   |
|  9 |   |
|  9 |   |
|  9 |   |
|  9 |   |
|  9 |   |

## 900000

|  90000 |   |
| --- | --- |
|  9 |   |
|  9 |   |
|  9 |   |
|  9 |   |
|  9 |   |
|  9 |   |
|  9 |   |

## 900000

|  90000 |   |
| --- | --- |
|  9 |   |
|  9 |   |
|  9 |   |
|  9 |   |
|  9 |   |
|  9 |   |
|  9 |   |

## 900000

|  90000 |   |
| --- | --- |
|  9 |   |
|  9 |   |
|  9 |   |
|  9 |   |
|  9 |   |
|  9 |   |
|  9 |   |
|  9 |   |
|  9 |   |

## 900000

|  90000 |   |
| --- | --- |
|  9 |   |
|  9 |   |
|  9 |   |
|  9 |   |
|  9 |   |
|  9 |   |
|  9 |   |
|  9 |   |
|  9 |   |
|  9 |   |
|  9 |   |
|  9 |   |
|  9 |   |

## 900000

|  90000 |   |
| --- | --- |
|  9 |   |
|  9 |   |
|  9 |   |
|  9 |   |
|  9 |   |
|  9 |   |
|  9 |   |
|  9 |   |
|  9 |   |
|  9 |   |
|  9 |   |
|  9 |   |
|  9 |   |
|  9 |   |
|  9 |   |
|  9 |   |
|  9 |   |

## 900000

|  90000 |   |
| --- | --- |
|  9 |   |
|  9 |   |
|  9 |   |
|  9 |   |
|  9 |   |
|  9 |   |
|  9 |   |
|  9 |   |
|  9 |   |
|  9 |   |
|  9 |   |
|  9 |   |
|  9 |   |
|  9 |   |
|  9 |   |
|  9 |   |
|  9 |   |
|  9 |   |
|  9 |   |
|  9 |   |
|  9 |   |
|  9 |   |
|  9 |   |
|  9 |   |
|  9 |   |
|  9 |   |
|  9 |   |
|  9 |   |
|  9 |   |
|  9 |   |
|  9 |   |
