|  9.9 |  |  |   |
| --- | --- | --- | --- |
|  1907 | Nobatin |  |   |
|  Nauteur Nsarométrique |  |  |   |
|  Direction du vent |  |  |   |
|  Force |  |  |   |
|  |   |   |   |
|  Ncbutivité | Reg. c. (terre) |  |   |
|   |  |  | 10  |
|   |  |  | 10  |
|   |  |  | 10  |
|   |  |  | 13.4  |
|   |  |  | 17.5  |
|   |  |  | 1.7  |
|   |  |  | 1.7  |
|   |  |  | 1.7  |
|   |  |  | 1.7  |
|   |  |  | 1.7  |
|   |  |  | 1.7  |
|   |  |  | 1.7  |
|   |  |  | 1.7  |
|   |  |  | 1.7  |
|   |  |  | 1.7  |
|   |  |  | 1.7  |
|   |  |  | 1.7  |
|   |  |  | 1.7  |
|   |  |  | 1.7  |
|   |  |  | 1.7  |
|   |  |  | 1.7  |
|   |  |  | 1.7  |
|   |  |  | 1.7  |
|   |  |  | 1.7  |
|   |  |  | 1.7  |
|   |  |  | 1.7  |
|   |  |  | 1.7  |
|   |  |  | 1.7  |
|   |  |  | 1.7  |
|   |  |  | 1.7  |
|   |  |  | 1.7  |
|   |  |  | 1.7  |
|   |  |  | 1.7  |
|   |  |  | 1.7  |
|   |  |  | 1.7  |
|   |  |  | 1.7  |
