|  7.18 Avril 1905 Mbatm |  | Soir |   |
| --- | --- | --- | --- |
|  Lauteur Paro |  |  |   |
|  Direction du vent |  |  |   |
|  700.0 |  |  |   |
|  0 |  |  |   |
|  0 |  |  |   |
|  0 |  |  |   |
|  0 |  |  |   |
|  0 |  |  |   |
|  0 |  |  |   |
|  0 |  |  |   |
|  0 |  |  |   |
|  0 |  |  |   |
|  0 |  |  |   |
|  0 |  |  |   |
|  0 |  |  |   |
|  0 |  |  |   |
|  0 |  |  |   |
|  0 |  |  |   |
|  0 |  |  |   |
|  0 |  |  |   |
|  0 |  |  |   |
|  0 |  |  |   |
|  0 |  |  |   |
|  0 |  |  |   |
|  0 |  |  |   |
|  0 |  |  |   |
|  0 |  |  |   |
|  0 |  |  |   |
|  0 |  |  |   |
|  0 |  |  |   |
|  0 |  |  |   |
|  0 |  |  |   |
|  0 |  |  |   |
|  0 |  |  |   |
