# V. 22 Janvier - 1907

|  **Hauteur** | **Désarmatrique**  |
| --- | --- |
|  Direction du vent |   |
|  Force |   |
|  |   |
|  |   |
|  |   |
|  |   |
|  |   |
|  |   |
|  |   |
|  |   |
|  |   |
|  |   |
|  |   |
|  |   |
|  |   |
|  |   |
|  |   |
|  |   |
|  267,2 |   |
|  267,2 |   |
|  20 |   |
|  20 |   |
|  20 |   |
|  20 |   |
|  60 |   |
|  60 |   |
|  60 |   |
|  60 |   |
|  60 |   |
|  60 |   |
|  60 |   |
|  60 |   |
|  60 |   |
|  60 |   |
|  60 |   |
|  60 |   |
|  60 |   |
|  60 |   |
|  60 |   |
|  60 |   |
|  60 |   |
|  60 |   |
|  60 |   |
|  60 |   |
|  60 |   |
|  60 |   |
|  60 |   |
|  60 |   |
|  60 |   |
|  60 |   |
|  60 |   |
|  60 |   |
|  60 |   |
|  60 |   |
|  60 |   |
