|  V. 3 Novembre 1907 | Maiton | Soir  |
| --- | --- | --- |
|  1/3.4 |  |   |
|  1.5 |  |   |
|  10 |  |   |
|  10 |  |   |
|  10 |  |   |
|  5.5 |  |   |
|  5.5 |  |   |
|  5.5 |  |   |
|  5.5 |  |   |
|  5.5 |  |   |
|  5.5 |  |   |
|  5.5 |  |   |
|  5.5 |  |   |
|  5.5 |  |   |
|  10 |  |   |
|  10 |  |   |
|  10 |  |   |
|  10 |  |   |
|  10 |  |   |
|  10 |  |   |
|  10 |  |   |
|  10 |  |   |
|  10 |  |   |
|  10 |  |   |
|  10 |  |   |
|  10 |  |   |
|  10 |  |   |
|  10 |  |   |
|  10 |  |   |
|  10 |  |   |
|  10 |  |   |
|  10 |  |   |
|  10 |  |   |
|  10 |  |   |
|  10 |  |   |
|  10 |  |   |
|  10 |  |   |
|  10 |  |   |
|  10 |  |   |
|  10 |  |   |
|  10 |  |   |
|  10 |  |   |
|  10 |  |   |
|  10 |  |   |
|  10 |  |   |
