|  V-16 chovembec - 1902 | Mboation | Sour  |
| --- | --- | --- |
|  301 |  |   |
|  301 |  |   |
|  301 |  |   |
|  301 |  |   |
|  301 |  |   |
|  301 |  |   |
|  301 |  |   |
|  301 |  |   |
|  301 |  |   |
|  301 |  |   |
|  301 |  |   |
|  301 |  |   |
|  301 |  |   |
|  301 |  |   |
|  301 |  |   |
|  301 |  |   |
|  301 |  |   |
|  301 |  |   |
|  301 |  |   |
|  301 |  |   |
|  301 |  |   |
|  301 |  |   |
|  301 |  |   |
|  301 |  |   |
|  301 |  |   |
|  301 |  |   |
|  301 |  |   |
|  301 |  |   |
|  301 |  |   |
|  301 |  |   |
|  301 |  |   |
