|  9. 9 Juillet - 1907 | Moutien |  |  |  |  |   |
| --- | --- | --- | --- | --- | --- | --- |
|  Hauteur |  |  |  |  |  |   |
|  Direction du vent |  |  |  |  |  |   |
|  10.000 |  |  |  |  |  |   |
|  10.000 |  |  |  |  |  |   |
|  10.000 |  |  |  |  |  |   |
|  10.000 |  |  |  |  |  |   |
|  10.000 |  |  |  |  |  |   |
|  10.000 |  |  |  |  |  |   |
|  10.000 |  |  |  |  |  |   |
|  10.000 |  |  |  |  |  |   |
|  10.000 |  |  |  |  |  |   |
|  10.000 |  |  |  |  |  |   |
|  10.000 |  |  |  |  |  |   |
|  10.000 |  |  |  |  |  |   |
|  10.000 |  |  |  |  |  |   |
|  10.000 |  |  |  |  |  |   |
|  10.000 |  |  |  |  |  |   |
|  10.000 |  |  |  |  |  |   |
|  10.000 |  |  |  |  |  |   |
|  10.000 |  |  |  |  |  |   |
|  10.000 |  |  |  |  |  |   |
|  10.000 |  |  |  |  |  |   |
|  10.000 |  |  |  |  |  |   |
|  10.000 |  |  |  |  |  |   |
|  10.000 |  |  |  |  |  |   |
|  10.000 |  |  |  |  |  |   |
|  10.000 |  |  |  |  |  |   |
|  10.000 |  |  |  |  |  |   |
|  10.000 |  |  |  |  |  |   |
|  10.000 |  |  |  |  |  |   |
|  10.000 |  |  |  |  |  |   |
|  10.000 |  |  |  |  |  |   |
|  10.000 |  |  |  |  |  |   |
