|  1. 2 Juillet 1907 |  |  |   |
| --- | --- | --- | --- |
|  Hauteur |  |  |   |
|  Hauteur |  |  |   |
|  204,7 |  |  |   |
|  or.0 |  |  |   |
|  4,0 |  |  |   |
|  10 |  |  |   |
|  10 |  |  |   |
|  or.0 |  |  |   |
|  10 |  |  |   |
|  10 |  |  |   |
|  or.0 |  |  |   |
|  10 |  |  |   |
|  10 |  |  |   |
|  or.0 |  |  |   |
|  10 |  |  |   |
|  10 |  |  |   |
|  or.0 |  |  |   |
|  10 |  |  |   |
|  10 |  |  |   |
|  10 |  |  |   |
|  10 |  |  |   |
|  10 |  |  |   |
|  10 |  |  |   |
|  10 |  |  |   |
|  10 |  |  |   |
|  10 |  |  |   |
|  10 |  |  |   |
|  10 |  |  |   |
|  10 |  |  |   |
|  10 |  |  |   |
|  10 |  |  |   |
|  10 |  |  |   |
|  10 |  |  |   |
|  10 |  |  |   |
|  10 |  |  |   |
|  10 |  |  |   |
|  10 |  |  |   |
|  10 |  |  |   |
|  10 |  |  |   |
|  10 |  |  |   |
|  10 |  |  |   |
|  10 |  |  |   |
|  10 |  |  |   |
|  10 |  |  |   |
|  10 |  |  |   |
|  10 |  |  |   |
|  10 |  |  |   |
|  10 |  |  |   |
