|  9. 21 Mai - 1907 | Moatin |  |  |  |   |
| --- | --- | --- | --- | --- | --- |
|  Hauteur |  |  |  |  |   |
|  Direction du vent |  |  |  |  |   |
|  20.0 |  |  |  |  |   |
|  20.0 |  |  |  |  |   |
|  20.0 |  |  |  |  |   |
|  20.0 |  |  |  |  |   |
|  20.0 |  |  |  |  |   |
|  20.0 |  |  |  |  |   |
|  20.0 |  |  |  |  |   |
|  20.0 |  |  |  |  |   |
|  20.0 |  |  |  |  |   |
|  20.0 |  |  |  |  |   |
|  20.0 |  |  |  |  |   |
|  20.0 |  |  |  |  |   |
|  20.0 |  |  |  |  |   |
|  20.0 |  |  |  |  |   |
|  20.0 |  |  |  |  |   |
|  20.0 |  |  |  |  |   |
|  20.0 |  |  |  |  |   |
|  20.0 |  |  |  |  |   |
|  20.0 |  |  |  |  |   |
|  20.0 |  |  |  |  |   |
|  20.0 |  |  |  |  |   |
|  20.0 |  |  |  |  |   |
|  20.0 |  |  |  |  |   |
|  20.0 |  |  |  |  |   |
|  20.0 |  |  |  |  |   |
|  20.0 |  |  |  |  |   |
|  20.0 |  |  |  |  |   |
|  20.0 |  |  |  |  |   |
|  20.0 |  |  |  |  |   |
|  20.0 |  |  |  |  |   |
|  20.0 |  |  |  |  |   |
