# Absevats. 3a V. 8. 8. 8. 8. 8. 8. 8. 8. 8. 8. 8. 8. 8. 8. 8. 8. 8. 8. 8. 8. 8. 8. 8. 8. 8. 8. 8. 8. 8. 8. 8. 8. 8. 8. 8. 8. 8. 8. 8. 8. 8. 8. 8. 8. 8. 8. 8. 8. 8. 8. 8. 8. 8. 8. 8. 8. 8. 8. 8. 8. 8. 8. 8. 8. 8. 8. 8. 8. 8. 8. 8. 8. 8. 8. 8. 8. 8. 8. 8. 8. 8. 8. 8. 8. 8. 8. 8. 8. 8. 8. 8. 8. 8. 8. 8. 8. 8. 8. 8. 8. 8. 8. 8. 8. 8. 8. 8. 8. 8. 8. 8. 8. 8. 8. 8. 8. 8. 8. 8. 8. 8. 8. 8. 8. 8. 8. 8. 8. 8. 8. 8. 8. 8. 8. 8. 8. 8. 8. 8. 8. 8. 8. 8. 8

| Heur. | Míran de la | Vent. |  | Hanten |
| :--: | :--: | :--: | :--: | :--: |
|  | an 1. 1000.1000 . | Sivection. | force. | Barométhique |
| 7” | 0^{2,33} |  | - | 764,8 |
| 9 a. | 0^{2,97} | N.N.E. | 1. faible | 764,8 |
| 10^4 / 2 a. | 0^{-2} | E. | 1 faible | 764,9 |
| mign. | 0^{-20} | E. | 1 faible | 764,3 |
| 1^1 / 2 s. | 0^{-21} | E.S.E. | 1 faible | 763,9 |
| 3^6 s. | 0^{-26} | E. | 1 faible | 763,6 |
| 4^1 / 2 s. | 0,39 | E. | 1 faible | 763,4 |
| 04 s. | 0,45 | - | 0 | 763,8 |
| 7^13 s. | 0^{+40} | - | 1 faible | 764,0 |
| 9^14 s. | 0,36 | N.O. | 1 | 764,1 |
| 10^4 / 2 s. | 0^{+29} | O.N.O. | 2 | 764,6 |
| mign. | 0,29 | O.N.O. | 3 | 764,5 |

Observ. du V. P. Septembre (Première lune)
117 m. midi
141.
6, - 6,205
0, 21 6,265
6,375 6,45
8 6, 36
7 1
" 5

Direction
E E. S.E. 
E.
- E. N.O.
9.N.O. O, N.O.

Force
1 faible 1 faible 
1 faible 
1 faible 
- 1 faible 
1 2 
3

Baromètre
764,8 764,8 
764,9 764,3 
763,9 763,6 
763,4 763,8 
764,0 764,1 
764,6 764,5