Observations 3u 10 Oeptembre 1900
(lendemain de la pleine lune)

Heures - Niveaux - Hauteur barométrique
2 0.30 m. 767,0
2 30 m. 0.18
2 35 m. 0.155
2 40 m. 0.16
2 50 m. 0.15
2 55 m. 0.15
3 0.17
3 30 m. 0.18
3 45 m. 0.185
3 50 m. 0.185
3 55 m. 0.19
4 0.17
4 15 m. 0.18
4 30 m. 0.185
4 35 m. 0.19
4 45 m. 0.19
5 0.18
5 30 m. 0.18
5 45 m. 0.18
6 0.18
6 15 m. 0.185
6 30 m. 0.19
6 45 m. 0.195
7 0.20
7 30 m. 0.205
7 45 m. 0.21
8 00 m. 0.215
8 10 m. 0.23
8 15 m. 0.235
8 27 m. 0.32
8 27 m. 0.325
8 38 m. 0.32
8 39 m. 0.32
8 45 m. 0.31
8 52 m. 0.30
8 57 m. 0.29
9 14 m. 0.285
9 20 m. 0.28
9 35 m. 0.27
9 45 m. 0.26
10 00 m. 0.25
10 15 m. 0.24
10 40 m. 0.235
10 47 m. 0.23
11 07 m. 0.22
11 15 m. 0.21
11 30 m. 0.21
11 45 m. 0.20
11 55 m. 0.19
12 15 m. 0.18
12 30 m. 0.17
12 40 m. 0.16
12 45 m. 0.16
13 00 m. 0.15
13 15 m. 0.14
13 25 m. 0.12
13 40 m. 0.16
13 52 m. 0.14
14 00 m. 0.18
14 15 m. 0.16
14 30 m. 0.18
14 35 m. 0.20
14 45 m. 0.22
15 00 m. 0.23
15 30 m. 0.24
15 45 m. 0.25
16 00 m. 0.26
16 15 m. 0.27
16 30 m. 0.28
16 45 m. 0.29
17 00 m. 0.30
17 15 m. 0.31
17 30 m. 0.32
17 45 m. 0.33
18 00 m. 0.34
18 15 m. 0.35
18 30 m. 0.36
18 45 m. 0.37
19 00 m. 0.38
19 15 m. 0.39
19 30 m. 0.40
19 45 m. 0.41
20 00 m. 0.42
20 15 m. 0.43
20 30 m. 0.44
20 45 m. 0.45
21 00 m. 0.46
21 15 m. 0.47
21 30 m. 0.48
21 45 m. 0.49
22 00 m. 0.50
22 15 m. 0.51
22 30 m. 0.52
22 45 m. 0.53
23 00 m. 0.54
23 15 m. 0.55
23 30 m. 0.56
23 45 m. 0.57
24 00 m. 0.58

Heures - Niveaux - Hauteur - Direction - Force - Nébulosité - Direction des nuages - Pluie tombée - Température de l'air - Hauteur de la mer - Agitation de l'eau - Densité de l'eau - Température de l'eau
24 00 m. 0.715 766.2 N.O. 2 0 0 23.1 0.31 3 1026.5 21.6
24 10 m. 0.715 766.2 N.O. 2 0 0 23.1 0.31 3 1026.5 21.6
24 20 m. 0.715 766.2 N.O. 2 0 0 23.1 0.31 3 1026.5 21.6
24 30 m. 0.715 766.2 N.O. 2 0 0 23.1 0.31 3 1026.5 21.6
24 40 m. 0.715 766.2 N.O. 2 0 0 23.1 0.31 3 1026.5 21.6
24 50 m. 0.715 766.2 N.O. 2 0 0 23.1 0.31 3 1026.5 21.6
1 00 m. 0.715 766.2 N.O. 2 0 0 23.1 0.31 3 1026.5 21.6
1 10 m. 0.715 766.2 N.O. 2 0 0 23.1 0.31 3 1026.5 21.6
1 20 m. 0.715 766.2 N.O. 2 0 0 23.1 0.31 3 1026.5 21.6
1 30 m. 0.715 766.2 N.O. 2 0 0 23.1 0.31 3 1026.5 21.6
1 40 m. 0.715 766.2 N.O. 2 0 0 23.1 0.31 3 1026.5 21.6
1 50 m. 0.715 766.2 N.O. 2 0 0 23.1 0.31 3 1026.5 21.6
2 00 m. 0.715 766.2 N.O. 2 0 0 23.1 0.31 3 1026.5 21.6
2 10 m. 0.715 766.2 N.O. 2 0 0 23.1 0.31 3 1026.5 21.6
2 20 m. 0.715 766.2 N.O. 2 0 0 23.1 0.31 3 1026.5 21.6
2 30 m. 0.715 766.2 N.O. 2 0 0 23.1 0.31 3 1026.5 21.6
2 40 m. 0.715 766.2 N.O. 2 0 0 23.1 0.31 3 1026.5 21.6
2 50 m. 0.715 766.2 N.O. 2 0 0 23.1 0.31 3 1026.5 21.6
3 00 m. 0.715 766.2 N.O. 2 0 0 23.1 0.31 3 1026.5 21.6
3 10 m. 0.715 766.2 N.O. 2 0 0 23.1 0.31 3 1026.5 21.6
3 20 m. 0.715 766.2 N.O. 2 0 0 23.1 0.31 3 1026.5 21.6
3 30 m. 0.715 766.2 N.O. 2 0 0 23.1 0.31 3 1026.5 21.6
3 40 m. 0.715 766.2 N.O. 2 0 0 23.1 0.31 3 1026.5 21.6
3 50 m. 0.715 766.2 N.O. 2 0 0 23.1 0.31 3 1026.5 21.6
4 00 m. 0.715 766.2 N.O. 2 0 0 23.1 0.31 3 1026.5 21.6
4 10 m. 0.715 766.2 N.O. 2 0 0 23.1 0.31 3 1026.5 21.6
4 20 m. 0.715 766.2 N.O. 2 0 0 23.1 0.31 3 1026.5 21.6
4 30 m. 0.715 766.2 N.O. 2 0 0 23.1 0.31 3 1026.5 21.6
4 40 m. 0.715 766.2 N.O. 2 0 0 23.1 0.31 3 1026.5 21.6
4 50 m. 0.715 766.2 N.O. 2 0 0 23.1 0.31 3 1026.5 21.6

Observations
(lendemain de la pleine lune)