# Date - 14 Décembre - 1900

|  9e Ottadin | 3e Soir  |
| --- | --- |
|  772.2 | 772.5  |
|  Nores | Nores  |
|  2 fort | 2 fort  |
|  4. hys. mons | 0  |
|  0 | 0  |
|  Nores | 11  |
|  11 | 11  |
|  13.0 | 13.7  |
|  57.1 | 52.8  |
|  2 fort | 2 fort  |
|  1029.4 | 1029.7  |
|  14.1 | 14.3  |

Santeur Barometrique Direction du vent Force 10 20 20 20 20 20 20 20 20 20 20 20 20 20 20 20 20 20 20 20 20 20 20 20 20 20 20 20 20 20 20 20 20 20 20 20 20 20 20 20 20 20 20 20 20 20 20 20 20 20 20 20 20 20 20 20 20 20 20 20 20 20 20 20 20 20 20 2