# Date - 8 Janvier - 1901

|  |   |   |   |
| --- | --- | --- | --- |
|  10th Mentin 3rd Suiz |  |  |   |
|  Hauteur Prazometrique |  |  |   |
|  Direction du vent |  |  |   |
|  Force du vent |  |  |   |
|  2 fort |  |  |   |
|  2 fort |  |  |   |
|  1 |  |  |   |
|  3 |  |  |   |
|  1 |  |  |   |
|  2 |  |  |   |
|  2 fort |  |  |   |
|  3 |  |  |   |
|  2 |  |  |   |
|  1 |  |  |   |
|  2 |  |  |   |
|  1 |  |  |   |
|  Direction des nuages |  |  |   |
|  2e |  |  |   |
|  3, 1/0 |  |  |   |
|  10, 0 |  |  |   |
|  10, 5 |  |  |   |
|  18, 5 |  |  |   |
|  3, 1/0 |  |  |   |
|  10, 5 |  |  |   |
|  8, 1/0 |  |  |   |
|  8 fort |  |  |   |
|  8 fort |  |  |   |
|  1029, 3 |  |  |   |
|  1029, 3 |  |  |   |
|  1029, 3 |  |  |   |
|  1029, 3 |  |  |   |
|  1029, 3 |  |  |   |
|  1029, 3 |  |  |   |
|  1029, 3 |  |  |   |
|  1029, 3 |  |  |   |
|  1029, 3 |  |  |   |
|  1029, 3 |  |  |   |
|  1029, 3 |  |  |   |
|  1029, 3 |  |  |   |
|  1029, 3 |  |  |   |
|  1029, 3 |  |  |   |
|  1029, 3 |  |  |   |
|  1029, 3 |  |  |   |
|  1029, 3 |  |  |   |
|  1029, 3 |  |  |   |
|  1029, 3 |  |  |   |
|  1029, 3 |  |  |   |
|  1029, 3 |  |  |   |
|  1029, 3 |  |  |   |
|  1029, 3 |  |  |   |
|  1029, 3 |  |  |   |
|  1029, 3 |  |  |   |
|  1029, 3 |  |  |   |
|  1029, 3 |  |  |   |
|  1029, 3 |  |  |   |
|  1029, 3 |  |  |   |
|  1029, 3 |  |  |   |
|  1029, 3 |  |  |   |
