```plaintext
V. 22 Croût - 1904

|  Hauteur Barométrique | 764.6 |   |
|  Direction du vent | or.0r.0 |   |
|  Force | 8 |   |
|  (1) Rég. O. (terre) | 19. |   |
|  (2) Rég. F. (mer) | 19. |   |
|  (3) 1 |  |   |
|  (4) 1 |  |   |
|  (5) 1 |  |   |
|  (6) 21.2 |  |   |
|  (7) 64.5 |  |   |
|  (8) faible |  |   |
|  (9) 1027.1 |  |   |
|  (10) 23.0 |  |   |
|  (11) 8 |  |   |
|  (12) 766. |  |   |
|  (13) faible |  |   |
|  (14) 1027.1 |  |   |
|  (15) 23.0 |  |   |
|  (16) 25.3 |  |   |
|  (17) 81.3 |  |   |
|  (18) 27. |  |   |
|  (19) 1046.8 |  |   |
|  (20) 23.7 |  |   |
|  (21) 35.4 |  |   |
|  (22) 4 |  |   |
|  (23) 1027.1 |  |   |
|  (24) 34. |  |   |
|  (25) 13.0 |  |   |
|  (26) 2 |  |   |
```